C_hat x_p r_p stab
0.5 -0.005704697986577181 0.0 2.0
0.5 0.0016778523489932886 0.0 2.0
0.5 -0.005704697986577181 0.0 2.0
0.5 0.0016778523489932886 0.0 2.0
0.5 0.0238255033557047 0.0 1.0
0.5 0.9983221476510067 0.0 2.0
0.5 1.0057046979865771 0.0 2.0
0.5 0.9983221476510067 0.0 2.0
0.5 1.0057046979865771 0.0 2.0
0.5 0.7030201342281879 0.0 0.0
0.5 0.7104026845637584 0.0 0.0
0.5 0.7177852348993289 0.0 0.0
0.5 0.7251677852348993 0.0 0.0
0.5 0.7325503355704698 0.0 0.0
0.5 0.7399328859060402 0.0 0.0
0.5 0.7473154362416108 0.0 0.0
0.5 0.7546979865771812 0.0 0.0
0.5 0.7620805369127517 0.0 0.0
0.5 0.7694630872483221 0.0 0.0
0.5 0.7768456375838926 0.0 0.0
0.5 0.7842281879194631 0.0 0.0
0.5 0.7916107382550336 0.0 0.0
0.5 0.798993288590604 0.0 0.0
0.5 0.8063758389261745 0.0 0.0
0.5 0.8137583892617449 0.0 0.0
0.5 0.8211409395973155 0.0 0.0
0.5 0.8285234899328859 0.0 0.0
0.5 0.8359060402684564 0.0 0.0
0.5 0.8432885906040268 0.0 0.0
0.5 0.8506711409395973 0.0 0.0
0.5 0.8580536912751678 0.0 0.0
0.5 0.8654362416107383 0.0 0.0
0.5 0.4963087248322148 0.0 2.0
0.5 0.5036912751677852 0.0 2.0
0.5 0.4963087248322148 0.0 2.0
0.5 0.5036912751677852 0.0 2.0
0.5061224489795918 -0.005704697986577181 0.0 2.0
0.5061224489795918 0.0016778523489932886 0.0 2.0
0.5061224489795918 -0.005704697986577181 0.0 2.0
0.5061224489795918 0.0016778523489932886 0.0 2.0
0.5061224489795918 0.0238255033557047 0.0 1.0
0.5061224489795918 0.9983221476510067 0.0 2.0
0.5061224489795918 1.0057046979865771 0.0 2.0
0.5061224489795918 0.9983221476510067 0.0 2.0
0.5061224489795918 1.0057046979865771 0.0 2.0
0.5061224489795918 0.7177852348993289 0.0 0.0
0.5061224489795918 0.7251677852348993 0.0 0.0
0.5061224489795918 0.7325503355704698 0.0 0.0
0.5061224489795918 0.7399328859060402 0.0 0.0
0.5061224489795918 0.7473154362416108 0.0 0.0
0.5061224489795918 0.7546979865771812 0.0 0.0
0.5061224489795918 0.7620805369127517 0.0 0.0
0.5061224489795918 0.7694630872483221 0.0 0.0
0.5061224489795918 0.7768456375838926 0.0 0.0
0.5061224489795918 0.7842281879194631 0.0 0.0
0.5061224489795918 0.7916107382550336 0.0 0.0
0.5061224489795918 0.798993288590604 0.0 0.0
0.5061224489795918 0.8063758389261745 0.0 0.0
0.5061224489795918 0.8137583892617449 0.0 0.0
0.5061224489795918 0.8211409395973155 0.0 0.0
0.5061224489795918 0.8285234899328859 0.0 0.0
0.5061224489795918 0.8359060402684564 0.0 0.0
0.5061224489795918 0.8432885906040268 0.0 0.0
0.5061224489795918 0.8506711409395973 0.0 0.0
0.5061224489795918 0.8580536912751678 0.0 0.0
0.5061224489795918 0.8654362416107383 0.0 0.0
0.5061224489795918 0.8728187919463087 0.0 0.0
0.5061224489795918 0.5036912751677852 0.0 2.0
0.5061224489795918 0.5110738255033557 0.0 2.0
0.5061224489795918 0.5036912751677852 0.0 2.0
0.5061224489795918 0.5110738255033557 0.0 2.0
0.5122448979591837 -0.005704697986577181 0.0 2.0
0.5122448979591837 0.0016778523489932886 0.0 2.0
0.5122448979591837 -0.005704697986577181 0.0 2.0
0.5122448979591837 0.0016778523489932886 0.0 2.0
0.5122448979591837 0.0238255033557047 0.0 1.0
0.5122448979591837 0.9983221476510067 0.0 2.0
0.5122448979591837 1.0057046979865771 0.0 2.0
0.5122448979591837 0.9983221476510067 0.0 2.0
0.5122448979591837 1.0057046979865771 0.0 2.0
0.5122448979591837 0.7251677852348993 0.0 0.0
0.5122448979591837 0.7325503355704698 0.0 0.0
0.5122448979591837 0.7399328859060402 0.0 0.0
0.5122448979591837 0.7473154362416108 0.0 0.0
0.5122448979591837 0.7546979865771812 0.0 0.0
0.5122448979591837 0.7620805369127517 0.0 0.0
0.5122448979591837 0.7694630872483221 0.0 0.0
0.5122448979591837 0.7768456375838926 0.0 0.0
0.5122448979591837 0.7842281879194631 0.0 0.0
0.5122448979591837 0.7916107382550336 0.0 0.0
0.5122448979591837 0.798993288590604 0.0 0.0
0.5122448979591837 0.8063758389261745 0.0 0.0
0.5122448979591837 0.8137583892617449 0.0 0.0
0.5122448979591837 0.8211409395973155 0.0 0.0
0.5122448979591837 0.8285234899328859 0.0 0.0
0.5122448979591837 0.8359060402684564 0.0 0.0
0.5122448979591837 0.8432885906040268 0.0 0.0
0.5122448979591837 0.8506711409395973 0.0 0.0
0.5122448979591837 0.8580536912751678 0.0 0.0
0.5122448979591837 0.8654362416107383 0.0 0.0
0.5122448979591837 0.8728187919463087 0.0 0.0
0.5122448979591837 0.8802013422818792 0.0 0.0
0.5122448979591837 0.5110738255033557 0.0 2.0
0.5122448979591837 0.5184563758389261 0.0 2.0
0.5122448979591837 0.5110738255033557 0.0 2.0
0.5122448979591837 0.5184563758389261 0.0 2.0
0.5183673469387755 -0.005704697986577181 0.0 2.0
0.5183673469387755 0.0016778523489932886 0.0 2.0
0.5183673469387755 -0.005704697986577181 0.0 2.0
0.5183673469387755 0.0016778523489932886 0.0 2.0
0.5183673469387755 0.0238255033557047 0.0 1.0
0.5183673469387755 0.9983221476510067 0.0 2.0
0.5183673469387755 1.0057046979865771 0.0 2.0
0.5183673469387755 0.7399328859060402 0.0 0.0
0.5183673469387755 0.7473154362416108 0.0 0.0
0.5183673469387755 0.7546979865771812 0.0 0.0
0.5183673469387755 0.7620805369127517 0.0 0.0
0.5183673469387755 0.7694630872483221 0.0 0.0
0.5183673469387755 0.7768456375838926 0.0 0.0
0.5183673469387755 0.7842281879194631 0.0 0.0
0.5183673469387755 0.7916107382550336 0.0 0.0
0.5183673469387755 0.798993288590604 0.0 0.0
0.5183673469387755 0.8063758389261745 0.0 0.0
0.5183673469387755 0.8137583892617449 0.0 0.0
0.5183673469387755 0.8211409395973155 0.0 0.0
0.5183673469387755 0.8285234899328859 0.0 0.0
0.5183673469387755 0.8359060402684564 0.0 0.0
0.5183673469387755 0.8432885906040268 0.0 0.0
0.5183673469387755 0.8506711409395973 0.0 0.0
0.5183673469387755 0.8580536912751678 0.0 0.0
0.5183673469387755 0.8654362416107383 0.0 0.0
0.5183673469387755 0.8728187919463087 0.0 0.0
0.5183673469387755 0.8802013422818792 0.0 0.0
0.5183673469387755 0.8875838926174496 0.0 0.0
0.5183673469387755 0.5184563758389261 0.0 2.0
0.5183673469387755 0.5184563758389261 0.0 2.0
0.5244897959183673 -0.005704697986577181 0.0 2.0
0.5244897959183673 0.0016778523489932886 0.0 2.0
0.5244897959183673 -0.005704697986577181 0.0 2.0
0.5244897959183673 0.0016778523489932886 0.0 2.0
0.5244897959183673 0.0238255033557047 0.0 1.0
0.5244897959183673 0.9983221476510067 0.0 2.0
0.5244897959183673 1.0057046979865771 0.0 2.0
0.5244897959183673 0.9983221476510067 0.0 2.0
0.5244897959183673 1.0057046979865771 0.0 2.0
0.5244897959183673 0.7546979865771812 0.0 0.0
0.5244897959183673 0.7620805369127517 0.0 0.0
0.5244897959183673 0.7694630872483221 0.0 0.0
0.5244897959183673 0.7768456375838926 0.0 0.0
0.5244897959183673 0.7842281879194631 0.0 0.0
0.5244897959183673 0.7916107382550336 0.0 0.0
0.5244897959183673 0.798993288590604 0.0 0.0
0.5244897959183673 0.8063758389261745 0.0 0.0
0.5244897959183673 0.8137583892617449 0.0 0.0
0.5244897959183673 0.8211409395973155 0.0 0.0
0.5244897959183673 0.8285234899328859 0.0 0.0
0.5244897959183673 0.8359060402684564 0.0 0.0
0.5244897959183673 0.8432885906040268 0.0 0.0
0.5244897959183673 0.8506711409395973 0.0 0.0
0.5244897959183673 0.8580536912751678 0.0 0.0
0.5244897959183673 0.8654362416107383 0.0 0.0
0.5244897959183673 0.8728187919463087 0.0 0.0
0.5244897959183673 0.8802013422818792 0.0 0.0
0.5244897959183673 0.8875838926174496 0.0 0.0
0.5244897959183673 0.8949664429530201 0.0 0.0
0.5244897959183673 0.9023489932885906 0.0 0.0
0.5244897959183673 0.5184563758389261 0.0 2.0
0.5244897959183673 0.5258389261744967 0.0 2.0
0.5244897959183673 0.5184563758389261 0.0 2.0
0.5244897959183673 0.5258389261744967 0.0 2.0
0.5306122448979592 -0.005704697986577181 0.0 2.0
0.5306122448979592 0.0016778523489932886 0.0 2.0
0.5306122448979592 -0.005704697986577181 0.0 2.0
0.5306122448979592 0.0016778523489932886 0.0 2.0
0.5306122448979592 0.0238255033557047 0.0 1.0
0.5306122448979592 0.9983221476510067 0.0 2.0
0.5306122448979592 1.0057046979865771 0.0 2.0
0.5306122448979592 0.9983221476510067 0.0 2.0
0.5306122448979592 1.0057046979865771 0.0 2.0
0.5306122448979592 0.7620805369127517 0.0 0.0
0.5306122448979592 0.7694630872483221 0.0 0.0
0.5306122448979592 0.7768456375838926 0.0 0.0
0.5306122448979592 0.7842281879194631 0.0 0.0
0.5306122448979592 0.7916107382550336 0.0 0.0
0.5306122448979592 0.798993288590604 0.0 0.0
0.5306122448979592 0.8063758389261745 0.0 0.0
0.5306122448979592 0.8137583892617449 0.0 0.0
0.5306122448979592 0.8211409395973155 0.0 0.0
0.5306122448979592 0.8285234899328859 0.0 0.0
0.5306122448979592 0.8359060402684564 0.0 0.0
0.5306122448979592 0.8432885906040268 0.0 0.0
0.5306122448979592 0.8506711409395973 0.0 0.0
0.5306122448979592 0.8580536912751678 0.0 0.0
0.5306122448979592 0.8654362416107383 0.0 0.0
0.5306122448979592 0.8728187919463087 0.0 0.0
0.5306122448979592 0.8802013422818792 0.0 0.0
0.5306122448979592 0.8875838926174496 0.0 0.0
0.5306122448979592 0.8949664429530201 0.0 0.0
0.5306122448979592 0.9023489932885906 0.0 0.0
0.5306122448979592 0.9097315436241611 0.0 0.0
0.5306122448979592 0.5258389261744967 0.0 2.0
0.5306122448979592 0.5332214765100671 0.0 2.0
0.5306122448979592 0.5258389261744967 0.0 2.0
0.5306122448979592 0.5332214765100671 0.0 2.0
0.536734693877551 -0.005704697986577181 0.0 2.0
0.536734693877551 0.0016778523489932886 0.0 2.0
0.536734693877551 -0.005704697986577181 0.0 2.0
0.536734693877551 0.0016778523489932886 0.0 2.0
0.536734693877551 0.0238255033557047 0.0 1.0
0.536734693877551 0.9983221476510067 0.0 2.0
0.536734693877551 1.0057046979865771 0.0 2.0
0.536734693877551 0.9983221476510067 0.0 2.0
0.536734693877551 1.0057046979865771 0.0 2.0
0.536734693877551 0.7768456375838926 0.0 0.0
0.536734693877551 0.7842281879194631 0.0 0.0
0.536734693877551 0.7916107382550336 0.0 0.0
0.536734693877551 0.798993288590604 0.0 0.0
0.536734693877551 0.8063758389261745 0.0 0.0
0.536734693877551 0.8137583892617449 0.0 0.0
0.536734693877551 0.8211409395973155 0.0 0.0
0.536734693877551 0.8285234899328859 0.0 0.0
0.536734693877551 0.8359060402684564 0.0 0.0
0.536734693877551 0.8432885906040268 0.0 0.0
0.536734693877551 0.8506711409395973 0.0 0.0
0.536734693877551 0.8580536912751678 0.0 0.0
0.536734693877551 0.8654362416107383 0.0 0.0
0.536734693877551 0.8728187919463087 0.0 0.0
0.536734693877551 0.8802013422818792 0.0 0.0
0.536734693877551 0.8875838926174496 0.0 0.0
0.536734693877551 0.8949664429530201 0.0 0.0
0.536734693877551 0.9023489932885906 0.0 0.0
0.536734693877551 0.9097315436241611 0.0 0.0
0.536734693877551 0.9171140939597315 0.0 0.0
0.536734693877551 0.5332214765100671 0.0 2.0
0.536734693877551 0.5406040268456376 0.0 2.0
0.536734693877551 0.5332214765100671 0.0 2.0
0.536734693877551 0.5406040268456376 0.0 2.0
0.5428571428571428 -0.005704697986577181 0.0 2.0
0.5428571428571428 0.0016778523489932886 0.0 2.0
0.5428571428571428 -0.005704697986577181 0.0 2.0
0.5428571428571428 0.0016778523489932886 0.0 2.0
0.5428571428571428 0.0238255033557047 0.0 1.0
0.5428571428571428 0.9983221476510067 0.0 2.0
0.5428571428571428 1.0057046979865771 0.0 2.0
0.5428571428571428 0.9983221476510067 0.0 2.0
0.5428571428571428 1.0057046979865771 0.0 2.0
0.5428571428571428 0.7916107382550336 0.0 0.0
0.5428571428571428 0.798993288590604 0.0 0.0
0.5428571428571428 0.8063758389261745 0.0 0.0
0.5428571428571428 0.8137583892617449 0.0 0.0
0.5428571428571428 0.8211409395973155 0.0 0.0
0.5428571428571428 0.8285234899328859 0.0 0.0
0.5428571428571428 0.8359060402684564 0.0 0.0
0.5428571428571428 0.8432885906040268 0.0 0.0
0.5428571428571428 0.8506711409395973 0.0 0.0
0.5428571428571428 0.8580536912751678 0.0 0.0
0.5428571428571428 0.8654362416107383 0.0 0.0
0.5428571428571428 0.8728187919463087 0.0 0.0
0.5428571428571428 0.8802013422818792 0.0 0.0
0.5428571428571428 0.8875838926174496 0.0 0.0
0.5428571428571428 0.8949664429530201 0.0 0.0
0.5428571428571428 0.9023489932885906 0.0 0.0
0.5428571428571428 0.9097315436241611 0.0 0.0
0.5428571428571428 0.9171140939597315 0.0 0.0
0.5428571428571428 0.924496644295302 0.0 0.0
0.5428571428571428 0.5406040268456376 0.0 2.0
0.5428571428571428 0.547986577181208 0.0 2.0
0.5428571428571428 0.5406040268456376 0.0 2.0
0.5428571428571428 0.547986577181208 0.0 2.0
0.5489795918367347 -0.005704697986577181 0.0 2.0
0.5489795918367347 0.0016778523489932886 0.0 2.0
0.5489795918367347 -0.005704697986577181 0.0 2.0
0.5489795918367347 0.0016778523489932886 0.0 2.0
0.5489795918367347 0.0238255033557047 0.0 1.0
0.5489795918367347 0.9983221476510067 0.0 2.0
0.5489795918367347 1.0057046979865771 0.0 2.0
0.5489795918367347 0.9983221476510067 0.0 2.0
0.5489795918367347 1.0057046979865771 0.0 2.0
0.5489795918367347 0.8063758389261745 0.0 0.0
0.5489795918367347 0.8137583892617449 0.0 0.0
0.5489795918367347 0.8211409395973155 0.0 0.0
0.5489795918367347 0.8285234899328859 0.0 0.0
0.5489795918367347 0.8359060402684564 0.0 0.0
0.5489795918367347 0.8432885906040268 0.0 0.0
0.5489795918367347 0.8506711409395973 0.0 0.0
0.5489795918367347 0.8580536912751678 0.0 0.0
0.5489795918367347 0.8654362416107383 0.0 0.0
0.5489795918367347 0.8728187919463087 0.0 0.0
0.5489795918367347 0.8802013422818792 0.0 0.0
0.5489795918367347 0.8875838926174496 0.0 0.0
0.5489795918367347 0.8949664429530201 0.0 0.0
0.5489795918367347 0.9023489932885906 0.0 0.0
0.5489795918367347 0.9097315436241611 0.0 0.0
0.5489795918367347 0.9171140939597315 0.0 0.0
0.5489795918367347 0.924496644295302 0.0 0.0
0.5489795918367347 0.9318791946308724 0.0 0.0
0.5489795918367347 0.547986577181208 0.0 2.0
0.5489795918367347 0.5553691275167785 0.0 2.0
0.5489795918367347 0.547986577181208 0.0 2.0
0.5489795918367347 0.5553691275167785 0.0 2.0
0.5551020408163265 -0.005704697986577181 0.0 2.0
0.5551020408163265 0.0016778523489932886 0.0 2.0
0.5551020408163265 -0.005704697986577181 0.0 2.0
0.5551020408163265 0.0016778523489932886 0.0 2.0
0.5551020408163265 0.03120805369127517 0.0 1.0
0.5551020408163265 0.0238255033557047 0.0 1.0
0.5551020408163265 0.016442953020134227 0.0 1.0
0.5551020408163265 0.9983221476510067 0.0 2.0
0.5551020408163265 1.0057046979865771 0.0 2.0
0.5551020408163265 0.8211409395973155 0.0 0.0
0.5551020408163265 0.8285234899328859 0.0 0.0
0.5551020408163265 0.8359060402684564 0.0 0.0
0.5551020408163265 0.8432885906040268 0.0 0.0
0.5551020408163265 0.8506711409395973 0.0 0.0
0.5551020408163265 0.8580536912751678 0.0 0.0
0.5551020408163265 0.8654362416107383 0.0 0.0
0.5551020408163265 0.8728187919463087 0.0 0.0
0.5551020408163265 0.8802013422818792 0.0 0.0
0.5551020408163265 0.8875838926174496 0.0 0.0
0.5551020408163265 0.8949664429530201 0.0 0.0
0.5551020408163265 0.9023489932885906 0.0 0.0
0.5551020408163265 0.9097315436241611 0.0 0.0
0.5551020408163265 0.9171140939597315 0.0 0.0
0.5551020408163265 0.924496644295302 0.0 0.0
0.5551020408163265 0.9318791946308724 0.0 0.0
0.5551020408163265 0.939261744966443 0.0 0.0
0.5551020408163265 0.5553691275167785 0.0 2.0
0.5551020408163265 0.5553691275167785 0.0 2.0
0.5612244897959183 -0.005704697986577181 0.0 2.0
0.5612244897959183 0.0016778523489932886 0.0 2.0
0.5612244897959183 -0.005704697986577181 0.0 2.0
0.5612244897959183 0.0016778523489932886 0.0 2.0
0.5612244897959183 0.03120805369127517 0.0 1.0
0.5612244897959183 0.0238255033557047 0.0 1.0
0.5612244897959183 0.016442953020134227 0.0 1.0
0.5612244897959183 0.9983221476510067 0.0 2.0
0.5612244897959183 1.0057046979865771 0.0 2.0
0.5612244897959183 0.9983221476510067 0.0 2.0
0.5612244897959183 1.0057046979865771 0.0 2.0
0.5612244897959183 0.8359060402684564 0.0 0.0
0.5612244897959183 0.8432885906040268 0.0 0.0
0.5612244897959183 0.8506711409395973 0.0 0.0
0.5612244897959183 0.8580536912751678 0.0 0.0
0.5612244897959183 0.8654362416107383 0.0 0.0
0.5612244897959183 0.8728187919463087 0.0 0.0
0.5612244897959183 0.8802013422818792 0.0 0.0
0.5612244897959183 0.8875838926174496 0.0 0.0
0.5612244897959183 0.8949664429530201 0.0 0.0
0.5612244897959183 0.9023489932885906 0.0 0.0
0.5612244897959183 0.9097315436241611 0.0 0.0
0.5612244897959183 0.9171140939597315 0.0 0.0
0.5612244897959183 0.924496644295302 0.0 0.0
0.5612244897959183 0.9318791946308724 0.0 0.0
0.5612244897959183 0.939261744966443 0.0 0.0
0.5612244897959183 0.9466442953020134 0.0 0.0
0.5612244897959183 0.5553691275167785 0.0 2.0
0.5612244897959183 0.562751677852349 0.0 2.0
0.5612244897959183 0.5553691275167785 0.0 2.0
0.5612244897959183 0.562751677852349 0.0 2.0
0.5673469387755102 -0.005704697986577181 0.0 2.0
0.5673469387755102 0.0016778523489932886 0.0 2.0
0.5673469387755102 -0.005704697986577181 0.0 2.0
0.5673469387755102 0.0016778523489932886 0.0 2.0
0.5673469387755102 0.03120805369127517 0.0 1.0
0.5673469387755102 0.0238255033557047 0.0 1.0
0.5673469387755102 0.016442953020134227 0.0 1.0
0.5673469387755102 0.9983221476510067 0.0 2.0
0.5673469387755102 1.0057046979865771 0.0 2.0
0.5673469387755102 0.9983221476510067 0.0 2.0
0.5673469387755102 1.0057046979865771 0.0 2.0
0.5673469387755102 0.8580536912751678 0.0 0.0
0.5673469387755102 0.8654362416107383 0.0 0.0
0.5673469387755102 0.8728187919463087 0.0 0.0
0.5673469387755102 0.8802013422818792 0.0 0.0
0.5673469387755102 0.8875838926174496 0.0 0.0
0.5673469387755102 0.8949664429530201 0.0 0.0
0.5673469387755102 0.9023489932885906 0.0 0.0
0.5673469387755102 0.9097315436241611 0.0 0.0
0.5673469387755102 0.9171140939597315 0.0 0.0
0.5673469387755102 0.924496644295302 0.0 0.0
0.5673469387755102 0.9318791946308724 0.0 0.0
0.5673469387755102 0.939261744966443 0.0 0.0
0.5673469387755102 0.9466442953020134 0.0 0.0
0.5673469387755102 0.9540268456375839 0.0 0.0
0.5673469387755102 0.562751677852349 0.0 2.0
0.5673469387755102 0.5701342281879195 0.0 2.0
0.5673469387755102 0.562751677852349 0.0 2.0
0.5673469387755102 0.5701342281879195 0.0 2.0
0.573469387755102 -0.005704697986577181 0.0 2.0
0.573469387755102 0.0016778523489932886 0.0 2.0
0.573469387755102 -0.005704697986577181 0.0 2.0
0.573469387755102 0.0016778523489932886 0.0 2.0
0.573469387755102 0.03120805369127517 0.0 1.0
0.573469387755102 0.0238255033557047 0.0 1.0
0.573469387755102 0.016442953020134227 0.0 1.0
0.573469387755102 0.9983221476510067 0.0 2.0
0.573469387755102 1.0057046979865771 0.0 2.0
0.573469387755102 0.9983221476510067 0.0 2.0
0.573469387755102 1.0057046979865771 0.0 2.0
0.573469387755102 0.8728187919463087 0.0 0.0
0.573469387755102 0.8802013422818792 0.0 0.0
0.573469387755102 0.8875838926174496 0.0 0.0
0.573469387755102 0.8949664429530201 0.0 0.0
0.573469387755102 0.9023489932885906 0.0 0.0
0.573469387755102 0.9097315436241611 0.0 0.0
0.573469387755102 0.9171140939597315 0.0 0.0
0.573469387755102 0.924496644295302 0.0 0.0
0.573469387755102 0.9318791946308724 0.0 0.0
0.573469387755102 0.939261744966443 0.0 0.0
0.573469387755102 0.9466442953020134 0.0 0.0
0.573469387755102 0.9540268456375839 0.0 0.0
0.573469387755102 0.9614093959731543 0.0 0.0
0.573469387755102 0.5701342281879195 0.0 2.0
0.573469387755102 0.5775167785234899 0.0 2.0
0.573469387755102 0.5701342281879195 0.0 2.0
0.573469387755102 0.5775167785234899 0.0 2.0
0.5795918367346938 -0.005704697986577181 0.0 2.0
0.5795918367346938 0.0016778523489932886 0.0 2.0
0.5795918367346938 -0.005704697986577181 0.0 2.0
0.5795918367346938 0.0016778523489932886 0.0 2.0
0.5795918367346938 0.0238255033557047 0.0 1.0
0.5795918367346938 0.9983221476510067 0.0 2.0
0.5795918367346938 1.0057046979865771 0.0 2.0
0.5795918367346938 0.9983221476510067 0.0 2.0
0.5795918367346938 1.0057046979865771 0.0 2.0
0.5795918367346938 0.8949664429530201 0.0 0.0
0.5795918367346938 0.9023489932885906 0.0 0.0
0.5795918367346938 0.9097315436241611 0.0 0.0
0.5795918367346938 0.9171140939597315 0.0 0.0
0.5795918367346938 0.924496644295302 0.0 0.0
0.5795918367346938 0.9318791946308724 0.0 0.0
0.5795918367346938 0.939261744966443 0.0 0.0
0.5795918367346938 0.9466442953020134 0.0 0.0
0.5795918367346938 0.9540268456375839 0.0 0.0
0.5795918367346938 0.9614093959731543 0.0 0.0
0.5795918367346938 0.9687919463087248 0.0 0.0
0.5795918367346938 0.5775167785234899 0.0 2.0
0.5795918367346938 0.5848993288590604 0.0 2.0
0.5795918367346938 0.5775167785234899 0.0 2.0
0.5795918367346938 0.5848993288590604 0.0 2.0
0.5857142857142857 -0.005704697986577181 0.0 2.0
0.5857142857142857 0.0016778523489932886 0.0 2.0
0.5857142857142857 -0.005704697986577181 0.0 2.0
0.5857142857142857 0.0016778523489932886 0.0 2.0
0.5857142857142857 0.0238255033557047 0.0 1.0
0.5857142857142857 0.9983221476510067 0.0 2.0
0.5857142857142857 1.0057046979865771 0.0 2.0
0.5857142857142857 0.9983221476510067 0.0 2.0
0.5857142857142857 1.0057046979865771 0.0 2.0
0.5857142857142857 0.9171140939597315 0.0 0.0
0.5857142857142857 0.924496644295302 0.0 0.0
0.5857142857142857 0.9318791946308724 0.0 0.0
0.5857142857142857 0.939261744966443 0.0 0.0
0.5857142857142857 0.9466442953020134 0.0 0.0
0.5857142857142857 0.9540268456375839 0.0 0.0
0.5857142857142857 0.9614093959731543 0.0 0.0
0.5857142857142857 0.9687919463087248 0.0 0.0
0.5857142857142857 0.9761744966442953 0.0 0.0
0.5857142857142857 0.5848993288590604 0.0 2.0
0.5857142857142857 0.5922818791946308 0.0 2.0
0.5857142857142857 0.5848993288590604 0.0 2.0
0.5857142857142857 0.5922818791946308 0.0 2.0
0.5918367346938775 -0.005704697986577181 0.0 2.0
0.5918367346938775 0.0016778523489932886 0.0 2.0
0.5918367346938775 -0.005704697986577181 0.0 2.0
0.5918367346938775 0.0016778523489932886 0.0 2.0
0.5918367346938775 0.0238255033557047 0.0 1.0
0.5918367346938775 0.9983221476510067 0.0 2.0
0.5918367346938775 1.0057046979865771 0.0 2.0
0.5918367346938775 0.9318791946308724 0.0 0.0
0.5918367346938775 0.939261744966443 0.0 0.0
0.5918367346938775 0.9466442953020134 0.0 0.0
0.5918367346938775 0.9540268456375839 0.0 0.0
0.5918367346938775 0.9614093959731543 0.0 0.0
0.5918367346938775 0.9687919463087248 0.0 0.0
0.5918367346938775 0.9761744966442953 0.0 0.0
0.5918367346938775 0.9835570469798658 0.0 0.0
0.5918367346938775 0.5922818791946308 0.0 2.0
0.5918367346938775 0.5922818791946308 0.0 2.0
0.5979591836734693 -0.005704697986577181 0.0 2.0
0.5979591836734693 0.0016778523489932886 0.0 2.0
0.5979591836734693 -0.005704697986577181 0.0 2.0
0.5979591836734693 0.0016778523489932886 0.0 2.0
0.5979591836734693 0.0238255033557047 0.0 1.0
0.5979591836734693 0.9983221476510067 0.0 2.0
0.5979591836734693 1.0057046979865771 0.0 2.0
0.5979591836734693 0.9983221476510067 0.0 2.0
0.5979591836734693 1.0057046979865771 0.0 2.0
0.5979591836734693 0.9540268456375839 0.0 0.0
0.5979591836734693 0.9614093959731543 0.0 0.0
0.5979591836734693 0.9687919463087248 0.0 0.0
0.5979591836734693 0.9761744966442953 0.0 0.0
0.5979591836734693 0.9835570469798658 0.0 0.0
0.5979591836734693 0.5922818791946308 0.0 2.0
0.5979591836734693 0.5996644295302014 0.0 2.0
0.5979591836734693 0.5922818791946308 0.0 2.0
0.5979591836734693 0.5996644295302014 0.0 2.0
0.6040816326530613 -0.005704697986577181 0.0 2.0
0.6040816326530613 0.0016778523489932886 0.0 2.0
0.6040816326530613 -0.005704697986577181 0.0 2.0
0.6040816326530613 0.0016778523489932886 0.0 2.0
0.6040816326530613 0.0238255033557047 0.0 1.0
0.6040816326530613 0.9983221476510067 0.0 2.0
0.6040816326530613 1.0057046979865771 0.0 2.0
0.6040816326530613 0.9983221476510067 0.0 2.0
0.6040816326530613 1.0057046979865771 0.0 2.0
0.6040816326530613 0.9687919463087248 0.0 0.0
0.6040816326530613 0.9761744966442953 0.0 0.0
0.6040816326530613 0.9835570469798658 0.0 0.0
0.6040816326530613 0.9761744966442953 0.0 0.0
0.6040816326530613 0.9835570469798658 0.0 0.0
0.6040816326530613 0.9909395973154362 0.0 0.0
0.6040816326530613 0.9835570469798658 0.0 0.0
0.6040816326530613 0.9909395973154362 0.0 0.0
0.6040816326530613 0.5996644295302014 0.0 2.0
0.6040816326530613 0.6070469798657718 0.0 2.0
0.6040816326530613 0.5996644295302014 0.0 2.0
0.6040816326530613 0.6070469798657718 0.0 2.0
0.610204081632653 -0.005704697986577181 0.0 2.0
0.610204081632653 0.0016778523489932886 0.0 2.0
0.610204081632653 -0.005704697986577181 0.0 2.0
0.610204081632653 0.0016778523489932886 0.0 2.0
0.610204081632653 0.0238255033557047 0.0 1.0
0.610204081632653 0.9983221476510067 0.0 2.0
0.610204081632653 1.0057046979865771 0.0 2.0
0.610204081632653 0.9983221476510067 0.0 2.0
0.610204081632653 1.0057046979865771 0.0 2.0
0.610204081632653 0.9909395973154362 0.0 1.0
0.610204081632653 0.9983221476510067 0.0 1.0
0.610204081632653 0.9761744966442953 0.0 0.0
0.610204081632653 0.9835570469798658 0.0 0.0
0.610204081632653 0.9909395973154362 0.0 1.0
0.610204081632653 0.9983221476510067 0.0 1.0
0.610204081632653 0.9761744966442953 0.0 0.0
0.610204081632653 0.9835570469798658 0.0 0.0
0.610204081632653 0.9909395973154362 0.0 1.0
0.610204081632653 0.9983221476510067 0.0 1.0
0.610204081632653 0.9687919463087248 0.0 1.0
0.610204081632653 0.9761744966442953 0.0 1.0
0.610204081632653 0.9835570469798658 0.0 1.0
0.610204081632653 0.9909395973154362 0.0 0.0
0.610204081632653 0.9983221476510067 0.0 1.0
0.610204081632653 0.6070469798657718 0.0 2.0
0.610204081632653 0.6144295302013423 0.0 2.0
0.610204081632653 0.9687919463087248 0.0 1.0
0.610204081632653 0.9761744966442953 0.0 1.0
0.610204081632653 0.9835570469798658 0.0 1.0
0.610204081632653 0.9909395973154362 0.0 1.0
0.610204081632653 0.6070469798657718 0.0 2.0
0.610204081632653 0.6144295302013423 0.0 2.0
0.6163265306122448 -0.005704697986577181 0.0 2.0
0.6163265306122448 0.0016778523489932886 0.0 2.0
0.6163265306122448 -0.005704697986577181 0.0 2.0
0.6163265306122448 0.0016778523489932886 0.0 2.0
0.6163265306122448 0.0238255033557047 0.0 1.0
0.6163265306122448 0.9983221476510067 0.0 2.0
0.6163265306122448 1.0057046979865771 0.0 2.0
0.6163265306122448 0.9983221476510067 0.0 2.0
0.6163265306122448 1.0057046979865771 0.0 2.0
0.6163265306122448 0.9983221476510067 0.0 1.0
0.6163265306122448 1.0057046979865771 0.0 1.0
0.6163265306122448 0.9983221476510067 0.0 1.0
0.6163265306122448 1.0057046979865771 0.0 1.0
0.6163265306122448 0.9983221476510067 0.0 1.0
0.6163265306122448 1.0057046979865771 0.0 1.0
0.6163265306122448 0.9983221476510067 0.0 1.0
0.6163265306122448 1.0057046979865771 0.0 1.0
0.6163265306122448 0.9909395973154362 0.0 1.0
0.6163265306122448 0.9983221476510067 0.0 1.0
0.6163265306122448 0.9909395973154362 0.0 1.0
0.6163265306122448 0.9983221476510067 0.0 1.0
0.6163265306122448 0.9835570469798658 0.0 0.0
0.6163265306122448 0.9909395973154362 0.0 1.0
0.6163265306122448 0.9983221476510067 0.0 1.0
0.6163265306122448 0.9687919463087248 0.0 1.0
0.6163265306122448 0.9761744966442953 0.0 1.0
0.6163265306122448 0.9835570469798658 0.0 1.0
0.6163265306122448 0.9909395973154362 0.0 0.0
0.6163265306122448 0.9983221476510067 0.0 1.0
0.6163265306122448 0.6144295302013423 0.0 2.0
0.6163265306122448 0.6218120805369127 0.0 2.0
0.6163265306122448 0.939261744966443 0.0 1.0
0.6163265306122448 0.9466442953020134 0.0 1.0
0.6163265306122448 0.9540268456375839 0.0 1.0
0.6163265306122448 0.9614093959731543 0.0 1.0
0.6163265306122448 0.9687919463087248 0.0 1.0
0.6163265306122448 0.9761744966442953 0.0 1.0
0.6163265306122448 0.9835570469798658 0.0 1.0
0.6163265306122448 0.9909395973154362 0.0 1.0
0.6163265306122448 0.9983221476510067 0.0 2.0
0.6163265306122448 0.6144295302013423 0.0 2.0
0.6163265306122448 0.6218120805369127 0.0 2.0
0.6163265306122448 0.939261744966443 0.0 1.0
0.6163265306122448 0.9466442953020134 0.0 1.0
0.6163265306122448 0.9540268456375839 0.0 1.0
0.6163265306122448 0.9614093959731543 0.0 1.0
0.6224489795918368 -0.005704697986577181 0.0 2.0
0.6224489795918368 0.0016778523489932886 0.0 2.0
0.6224489795918368 -0.005704697986577181 0.0 2.0
0.6224489795918368 0.0016778523489932886 0.0 2.0
0.6224489795918368 0.0238255033557047 0.0 1.0
0.6224489795918368 0.9983221476510067 0.0 2.0
0.6224489795918368 1.0057046979865771 0.0 2.0
0.6224489795918368 0.9983221476510067 0.0 2.0
0.6224489795918368 1.0057046979865771 0.0 2.0
0.6224489795918368 0.9983221476510067 0.0 1.0
0.6224489795918368 1.0057046979865771 0.0 1.0
0.6224489795918368 0.9983221476510067 0.0 1.0
0.6224489795918368 1.0057046979865771 0.0 1.0
0.6224489795918368 0.9983221476510067 0.0 1.0
0.6224489795918368 1.0057046979865771 0.0 1.0
0.6224489795918368 0.9983221476510067 0.0 1.0
0.6224489795918368 1.0057046979865771 0.0 1.0
0.6224489795918368 0.9983221476510067 0.0 1.0
0.6224489795918368 1.0057046979865771 0.0 1.0
0.6224489795918368 0.9983221476510067 0.0 1.0
0.6224489795918368 1.0057046979865771 0.0 1.0
0.6224489795918368 0.9983221476510067 0.0 1.0
0.6224489795918368 1.0057046979865771 0.0 1.0
0.6224489795918368 0.9983221476510067 0.0 1.0
0.6224489795918368 1.0057046979865771 0.0 1.0
0.6224489795918368 0.9909395973154362 0.0 1.0
0.6224489795918368 0.9983221476510067 0.0 1.0
0.6224489795918368 0.9909395973154362 0.0 1.0
0.6224489795918368 0.9983221476510067 0.0 1.0
0.6224489795918368 0.9835570469798658 0.0 0.0
0.6224489795918368 0.9909395973154362 0.0 1.0
0.6224489795918368 0.9983221476510067 0.0 1.0
0.6224489795918368 0.9687919463087248 0.0 1.0
0.6224489795918368 0.9761744966442953 0.0 1.0
0.6224489795918368 0.9835570469798658 0.0 1.0
0.6224489795918368 0.9909395973154362 0.0 2.0
0.6224489795918368 0.9983221476510067 0.0 1.0
0.6224489795918368 0.6218120805369127 0.0 2.0
0.6224489795918368 0.6291946308724832 0.0 2.0
0.6224489795918368 0.9097315436241611 0.0 1.0
0.6224489795918368 0.9171140939597315 0.0 1.0
0.6224489795918368 0.924496644295302 0.0 1.0
0.6224489795918368 0.9318791946308724 0.0 1.0
0.6224489795918368 0.939261744966443 0.0 1.0
0.6224489795918368 0.9466442953020134 0.0 1.0
0.6224489795918368 0.9540268456375839 0.0 1.0
0.6224489795918368 0.9614093959731543 0.0 1.0
0.6224489795918368 0.9687919463087248 0.0 1.0
0.6224489795918368 0.9761744966442953 0.0 1.0
0.6224489795918368 0.9835570469798658 0.0 1.0
0.6224489795918368 0.9909395973154362 0.0 1.0
0.6224489795918368 0.9983221476510067 0.0 2.0
0.6224489795918368 0.6218120805369127 0.0 2.0
0.6224489795918368 0.6291946308724832 0.0 2.0
0.6224489795918368 0.9097315436241611 0.0 1.0
0.6224489795918368 0.9171140939597315 0.0 1.0
0.6224489795918368 0.924496644295302 0.0 1.0
0.6224489795918368 0.9318791946308724 0.0 1.0
0.6224489795918368 0.939261744966443 0.0 1.0
0.6224489795918368 0.9466442953020134 0.0 1.0
0.6224489795918368 0.9540268456375839 0.0 1.0
0.6224489795918368 0.9614093959731543 0.0 1.0
0.6285714285714286 -0.005704697986577181 0.0 2.0
0.6285714285714286 0.0016778523489932886 0.0 2.0
0.6285714285714286 -0.005704697986577181 0.0 2.0
0.6285714285714286 0.0016778523489932886 0.0 2.0
0.6285714285714286 0.0238255033557047 0.0 1.0
0.6285714285714286 0.9983221476510067 0.0 2.0
0.6285714285714286 1.0057046979865771 0.0 2.0
0.6285714285714286 0.9983221476510067 0.0 1.0
0.6285714285714286 1.0057046979865771 0.0 1.0
0.6285714285714286 0.9983221476510067 0.0 1.0
0.6285714285714286 1.0057046979865771 0.0 1.0
0.6285714285714286 0.9983221476510067 0.0 1.0
0.6285714285714286 1.0057046979865771 0.0 1.0
0.6285714285714286 0.9983221476510067 0.0 1.0
0.6285714285714286 1.0057046979865771 0.0 1.0
0.6285714285714286 0.9983221476510067 0.0 1.0
0.6285714285714286 1.0057046979865771 0.0 1.0
0.6285714285714286 0.9983221476510067 0.0 1.0
0.6285714285714286 1.0057046979865771 0.0 1.0
0.6285714285714286 0.9983221476510067 0.0 1.0
0.6285714285714286 1.0057046979865771 0.0 1.0
0.6285714285714286 0.9983221476510067 0.0 1.0
0.6285714285714286 1.0057046979865771 0.0 1.0
0.6285714285714286 0.9983221476510067 0.0 1.0
0.6285714285714286 1.0057046979865771 0.0 1.0
0.6285714285714286 0.9983221476510067 0.0 1.0
0.6285714285714286 1.0057046979865771 0.0 1.0
0.6285714285714286 0.9983221476510067 0.0 1.0
0.6285714285714286 1.0057046979865771 0.0 1.0
0.6285714285714286 0.9983221476510067 0.0 1.0
0.6285714285714286 1.0057046979865771 0.0 1.0
0.6285714285714286 0.9909395973154362 0.0 1.0
0.6285714285714286 0.9983221476510067 0.0 1.0
0.6285714285714286 0.9909395973154362 0.0 1.0
0.6285714285714286 0.9983221476510067 0.0 1.0
0.6285714285714286 0.9761744966442953 0.0 1.0
0.6285714285714286 0.9835570469798658 0.0 1.0
0.6285714285714286 0.9909395973154362 0.0 2.0
0.6285714285714286 0.9983221476510067 0.0 2.0
0.6285714285714286 0.6291946308724832 0.0 2.0
0.6285714285714286 0.8875838926174496 0.0 1.0
0.6285714285714286 0.8949664429530201 0.0 1.0
0.6285714285714286 0.9023489932885906 0.0 1.0
0.6285714285714286 0.9097315436241611 0.0 1.0
0.6285714285714286 0.9171140939597315 0.0 1.0
0.6285714285714286 0.924496644295302 0.0 1.0
0.6285714285714286 0.9318791946308724 0.0 1.0
0.6285714285714286 0.939261744966443 0.0 1.0
0.6285714285714286 0.9466442953020134 0.0 1.0
0.6285714285714286 0.9540268456375839 0.0 1.0
0.6285714285714286 0.9614093959731543 0.0 1.0
0.6285714285714286 0.9687919463087248 0.0 1.0
0.6285714285714286 0.9761744966442953 0.0 1.0
0.6285714285714286 0.9835570469798658 0.0 1.0
0.6285714285714286 0.9909395973154362 0.0 2.0
0.6285714285714286 0.9983221476510067 0.0 2.0
0.6285714285714286 0.6291946308724832 0.0 2.0
0.6285714285714286 0.8875838926174496 0.0 1.0
0.6285714285714286 0.8949664429530201 0.0 1.0
0.6285714285714286 0.9023489932885906 0.0 1.0
0.6285714285714286 0.9097315436241611 0.0 1.0
0.6285714285714286 0.9171140939597315 0.0 1.0
0.6285714285714286 0.924496644295302 0.0 1.0
0.6285714285714286 0.9318791946308724 0.0 1.0
0.6285714285714286 0.939261744966443 0.0 1.0
0.6285714285714286 0.9466442953020134 0.0 1.0
0.6285714285714286 0.9540268456375839 0.0 1.0
0.6285714285714286 0.9614093959731543 0.0 1.0
0.6285714285714286 0.9687919463087248 0.0 1.0
0.6346938775510204 -0.005704697986577181 0.0 2.0
0.6346938775510204 0.0016778523489932886 0.0 2.0
0.6346938775510204 -0.005704697986577181 0.0 2.0
0.6346938775510204 0.0016778523489932886 0.0 2.0
0.6346938775510204 0.0238255033557047 0.0 1.0
0.6346938775510204 0.9983221476510067 0.0 2.0
0.6346938775510204 1.0057046979865771 0.0 2.0
0.6346938775510204 0.9983221476510067 0.0 2.0
0.6346938775510204 1.0057046979865771 0.0 2.0
0.6346938775510204 0.9983221476510067 0.0 1.0
0.6346938775510204 1.0057046979865771 0.0 1.0
0.6346938775510204 0.9983221476510067 0.0 1.0
0.6346938775510204 1.0057046979865771 0.0 1.0
0.6346938775510204 0.9983221476510067 0.0 1.0
0.6346938775510204 1.0057046979865771 0.0 1.0
0.6346938775510204 0.9983221476510067 0.0 1.0
0.6346938775510204 1.0057046979865771 0.0 1.0
0.6346938775510204 0.9983221476510067 0.0 1.0
0.6346938775510204 1.0057046979865771 0.0 1.0
0.6346938775510204 0.9983221476510067 0.0 1.0
0.6346938775510204 1.0057046979865771 0.0 1.0
0.6346938775510204 0.9983221476510067 0.0 1.0
0.6346938775510204 1.0057046979865771 0.0 1.0
0.6346938775510204 0.9983221476510067 0.0 1.0
0.6346938775510204 1.0057046979865771 0.0 1.0
0.6346938775510204 0.9909395973154362 0.0 2.0
0.6346938775510204 0.9983221476510067 0.0 2.0
0.6346938775510204 0.6291946308724832 0.0 2.0
0.6346938775510204 0.6365771812080537 0.0 2.0
0.6346938775510204 0.8654362416107383 0.0 1.0
0.6346938775510204 0.8728187919463087 0.0 1.0
0.6346938775510204 0.8802013422818792 0.0 1.0
0.6346938775510204 0.8875838926174496 0.0 1.0
0.6346938775510204 0.8949664429530201 0.0 1.0
0.6346938775510204 0.9023489932885906 0.0 1.0
0.6346938775510204 0.9097315436241611 0.0 1.0
0.6346938775510204 0.9171140939597315 0.0 1.0
0.6346938775510204 0.9909395973154362 0.0 2.0
0.6346938775510204 0.9983221476510067 0.0 2.0
0.6346938775510204 0.6291946308724832 0.0 2.0
0.6346938775510204 0.6365771812080537 0.0 2.0
0.6346938775510204 0.8654362416107383 0.0 1.0
0.6346938775510204 0.8728187919463087 0.0 1.0
0.6346938775510204 0.8802013422818792 0.0 1.0
0.6346938775510204 0.8875838926174496 0.0 1.0
0.6346938775510204 0.8949664429530201 0.0 1.0
0.6346938775510204 0.9023489932885906 0.0 1.0
0.6346938775510204 0.9097315436241611 0.0 1.0
0.6346938775510204 0.9171140939597315 0.0 1.0
0.6408163265306123 -0.005704697986577181 0.0 2.0
0.6408163265306123 0.0016778523489932886 0.0 2.0
0.6408163265306123 -0.005704697986577181 0.0 2.0
0.6408163265306123 0.0016778523489932886 0.0 2.0
0.6408163265306123 0.0238255033557047 0.0 1.0
0.6408163265306123 0.9983221476510067 0.0 2.0
0.6408163265306123 1.0057046979865771 0.0 2.0
0.6408163265306123 0.9983221476510067 0.0 2.0
0.6408163265306123 1.0057046979865771 0.0 2.0
0.6408163265306123 0.9983221476510067 0.0 1.0
0.6408163265306123 1.0057046979865771 0.0 1.0
0.6408163265306123 0.9983221476510067 0.0 1.0
0.6408163265306123 1.0057046979865771 0.0 1.0
0.6408163265306123 0.9983221476510067 0.0 1.0
0.6408163265306123 1.0057046979865771 0.0 1.0
0.6408163265306123 0.9983221476510067 0.0 1.0
0.6408163265306123 1.0057046979865771 0.0 1.0
0.6408163265306123 0.9983221476510067 0.0 1.0
0.6408163265306123 1.0057046979865771 0.0 1.0
0.6408163265306123 0.9983221476510067 0.0 1.0
0.6408163265306123 1.0057046979865771 0.0 1.0
0.6408163265306123 0.9983221476510067 0.0 1.0
0.6408163265306123 1.0057046979865771 0.0 1.0
0.6408163265306123 0.9909395973154362 0.0 2.0
0.6408163265306123 0.9983221476510067 0.0 2.0
0.6408163265306123 0.6365771812080537 0.0 2.0
0.6408163265306123 0.6439597315436242 0.0 2.0
0.6408163265306123 0.8432885906040268 0.0 1.0
0.6408163265306123 0.8506711409395973 0.0 1.0
0.6408163265306123 0.8580536912751678 0.0 1.0
0.6408163265306123 0.8654362416107383 0.0 1.0
0.6408163265306123 0.8728187919463087 0.0 1.0
0.6408163265306123 0.8802013422818792 0.0 1.0
0.6408163265306123 0.8875838926174496 0.0 1.0
0.6408163265306123 0.9909395973154362 0.0 2.0
0.6408163265306123 0.9983221476510067 0.0 2.0
0.6408163265306123 0.6365771812080537 0.0 2.0
0.6408163265306123 0.6439597315436242 0.0 2.0
0.6408163265306123 0.8432885906040268 0.0 1.0
0.6408163265306123 0.8506711409395973 0.0 1.0
0.6408163265306123 0.8580536912751678 0.0 1.0
0.6408163265306123 0.8654362416107383 0.0 1.0
0.6408163265306123 0.8728187919463087 0.0 1.0
0.6408163265306123 0.8802013422818792 0.0 1.0
0.6408163265306123 0.8875838926174496 0.0 1.0
0.6469387755102041 -0.005704697986577181 0.0 2.0
0.6469387755102041 0.0016778523489932886 0.0 2.0
0.6469387755102041 -0.005704697986577181 0.0 2.0
0.6469387755102041 0.0016778523489932886 0.0 2.0
0.6469387755102041 0.0238255033557047 0.0 1.0
0.6469387755102041 0.9983221476510067 0.0 2.0
0.6469387755102041 1.0057046979865771 0.0 2.0
0.6469387755102041 0.9983221476510067 0.0 2.0
0.6469387755102041 1.0057046979865771 0.0 2.0
0.6469387755102041 0.9983221476510067 0.0 1.0
0.6469387755102041 1.0057046979865771 0.0 1.0
0.6469387755102041 0.9983221476510067 0.0 1.0
0.6469387755102041 1.0057046979865771 0.0 1.0
0.6469387755102041 0.9983221476510067 0.0 1.0
0.6469387755102041 1.0057046979865771 0.0 1.0
0.6469387755102041 0.9983221476510067 0.0 1.0
0.6469387755102041 1.0057046979865771 0.0 1.0
0.6469387755102041 0.9983221476510067 0.0 1.0
0.6469387755102041 1.0057046979865771 0.0 1.0
0.6469387755102041 0.9983221476510067 0.0 1.0
0.6469387755102041 1.0057046979865771 0.0 1.0
0.6469387755102041 0.9983221476510067 0.0 1.0
0.6469387755102041 1.0057046979865771 0.0 1.0
0.6469387755102041 0.9909395973154362 0.0 2.0
0.6469387755102041 0.9983221476510067 0.0 2.0
0.6469387755102041 0.6439597315436242 0.0 2.0
0.6469387755102041 0.6513422818791946 0.0 2.0
0.6469387755102041 0.8211409395973155 0.0 1.0
0.6469387755102041 0.8285234899328859 0.0 1.0
0.6469387755102041 0.8359060402684564 0.0 1.0
0.6469387755102041 0.8432885906040268 0.0 1.0
0.6469387755102041 0.8506711409395973 0.0 1.0
0.6469387755102041 0.8580536912751678 0.0 1.0
0.6469387755102041 0.8654362416107383 0.0 1.0
0.6469387755102041 0.9909395973154362 0.0 2.0
0.6469387755102041 0.9983221476510067 0.0 2.0
0.6469387755102041 0.6439597315436242 0.0 2.0
0.6469387755102041 0.6513422818791946 0.0 2.0
0.6469387755102041 0.8211409395973155 0.0 1.0
0.6469387755102041 0.8285234899328859 0.0 1.0
0.6469387755102041 0.8359060402684564 0.0 1.0
0.6469387755102041 0.8432885906040268 0.0 1.0
0.6469387755102041 0.8506711409395973 0.0 1.0
0.6469387755102041 0.8580536912751678 0.0 1.0
0.6469387755102041 0.8654362416107383 0.0 1.0
0.6530612244897959 -0.005704697986577181 0.0 2.0
0.6530612244897959 0.0016778523489932886 0.0 2.0
0.6530612244897959 -0.005704697986577181 0.0 2.0
0.6530612244897959 0.0016778523489932886 0.0 2.0
0.6530612244897959 0.0238255033557047 0.0 1.0
0.6530612244897959 0.9983221476510067 0.0 2.0
0.6530612244897959 1.0057046979865771 0.0 2.0
0.6530612244897959 0.9983221476510067 0.0 2.0
0.6530612244897959 1.0057046979865771 0.0 2.0
0.6530612244897959 0.9983221476510067 0.0 1.0
0.6530612244897959 1.0057046979865771 0.0 1.0
0.6530612244897959 0.9983221476510067 0.0 1.0
0.6530612244897959 1.0057046979865771 0.0 1.0
0.6530612244897959 0.9983221476510067 0.0 1.0
0.6530612244897959 1.0057046979865771 0.0 1.0
0.6530612244897959 0.9983221476510067 0.0 1.0
0.6530612244897959 1.0057046979865771 0.0 1.0
0.6530612244897959 0.9983221476510067 0.0 1.0
0.6530612244897959 1.0057046979865771 0.0 1.0
0.6530612244897959 0.9983221476510067 0.0 1.0
0.6530612244897959 1.0057046979865771 0.0 1.0
0.6530612244897959 0.9983221476510067 0.0 1.0
0.6530612244897959 1.0057046979865771 0.0 1.0
0.6530612244897959 0.6513422818791946 0.0 2.0
0.6530612244897959 0.6587248322147651 0.0 2.0
0.6530612244897959 0.798993288590604 0.0 1.0
0.6530612244897959 0.8063758389261745 0.0 1.0
0.6530612244897959 0.8137583892617449 0.0 1.0
0.6530612244897959 0.8211409395973155 0.0 1.0
0.6530612244897959 0.8285234899328859 0.0 1.0
0.6530612244897959 0.8359060402684564 0.0 1.0
0.6530612244897959 0.8432885906040268 0.0 1.0
0.6530612244897959 0.9983221476510067 0.0 2.0
0.6530612244897959 1.0057046979865771 0.0 2.0
0.6530612244897959 0.6513422818791946 0.0 2.0
0.6530612244897959 0.6587248322147651 0.0 2.0
0.6530612244897959 0.798993288590604 0.0 1.0
0.6530612244897959 0.8063758389261745 0.0 1.0
0.6530612244897959 0.8137583892617449 0.0 1.0
0.6530612244897959 0.8211409395973155 0.0 1.0
0.6530612244897959 0.8285234899328859 0.0 1.0
0.6530612244897959 0.8359060402684564 0.0 1.0
0.6530612244897959 0.8432885906040268 0.0 1.0
0.6530612244897959 0.9983221476510067 0.0 2.0
0.6530612244897959 1.0057046979865771 0.0 2.0
0.6591836734693878 -0.005704697986577181 0.0 2.0
0.6591836734693878 0.0016778523489932886 0.0 2.0
0.6591836734693878 -0.005704697986577181 0.0 2.0
0.6591836734693878 0.0016778523489932886 0.0 2.0
0.6591836734693878 0.0238255033557047 0.0 1.0
0.6591836734693878 0.9983221476510067 0.0 2.0
0.6591836734693878 1.0057046979865771 0.0 2.0
0.6591836734693878 0.9983221476510067 0.0 2.0
0.6591836734693878 1.0057046979865771 0.0 2.0
0.6591836734693878 0.9983221476510067 0.0 1.0
0.6591836734693878 1.0057046979865771 0.0 1.0
0.6591836734693878 0.9983221476510067 0.0 1.0
0.6591836734693878 1.0057046979865771 0.0 1.0
0.6591836734693878 0.9983221476510067 0.0 1.0
0.6591836734693878 1.0057046979865771 0.0 1.0
0.6591836734693878 0.9983221476510067 0.0 1.0
0.6591836734693878 1.0057046979865771 0.0 1.0
0.6591836734693878 0.9983221476510067 0.0 1.0
0.6591836734693878 1.0057046979865771 0.0 1.0
0.6591836734693878 0.9983221476510067 0.0 1.0
0.6591836734693878 1.0057046979865771 0.0 1.0
0.6591836734693878 0.9983221476510067 0.0 1.0
0.6591836734693878 1.0057046979865771 0.0 1.0
0.6591836734693878 0.9983221476510067 0.0 1.0
0.6591836734693878 1.0057046979865771 0.0 1.0
0.6591836734693878 0.6587248322147651 0.0 2.0
0.6591836734693878 0.6661073825503355 0.0 2.0
0.6591836734693878 0.7694630872483221 0.0 1.0
0.6591836734693878 0.7768456375838926 0.0 1.0
0.6591836734693878 0.7842281879194631 0.0 1.0
0.6591836734693878 0.7916107382550336 0.0 1.0
0.6591836734693878 0.798993288590604 0.0 1.0
0.6591836734693878 0.8063758389261745 0.0 1.0
0.6591836734693878 0.8137583892617449 0.0 1.0
0.6591836734693878 0.8211409395973155 0.0 1.0
0.6591836734693878 0.9983221476510067 0.0 2.0
0.6591836734693878 1.0057046979865771 0.0 2.0
0.6591836734693878 0.6587248322147651 0.0 2.0
0.6591836734693878 0.6661073825503355 0.0 2.0
0.6591836734693878 0.7694630872483221 0.0 1.0
0.6591836734693878 0.7768456375838926 0.0 1.0
0.6591836734693878 0.7842281879194631 0.0 1.0
0.6591836734693878 0.7916107382550336 0.0 1.0
0.6591836734693878 0.798993288590604 0.0 1.0
0.6591836734693878 0.8063758389261745 0.0 1.0
0.6591836734693878 0.8137583892617449 0.0 1.0
0.6591836734693878 0.8211409395973155 0.0 1.0
0.6591836734693878 0.9983221476510067 0.0 2.0
0.6591836734693878 1.0057046979865771 0.0 2.0
0.6653061224489796 -0.005704697986577181 0.0 2.0
0.6653061224489796 0.0016778523489932886 0.0 2.0
0.6653061224489796 -0.005704697986577181 0.0 2.0
0.6653061224489796 0.0016778523489932886 0.0 2.0
0.6653061224489796 0.0238255033557047 0.0 1.0
0.6653061224489796 0.9983221476510067 0.0 2.0
0.6653061224489796 1.0057046979865771 0.0 2.0
0.6653061224489796 0.9983221476510067 0.0 2.0
0.6653061224489796 1.0057046979865771 0.0 2.0
0.6653061224489796 0.9983221476510067 0.0 1.0
0.6653061224489796 1.0057046979865771 0.0 1.0
0.6653061224489796 0.9983221476510067 0.0 1.0
0.6653061224489796 1.0057046979865771 0.0 1.0
0.6653061224489796 0.9983221476510067 0.0 1.0
0.6653061224489796 1.0057046979865771 0.0 1.0
0.6653061224489796 0.9983221476510067 0.0 1.0
0.6653061224489796 1.0057046979865771 0.0 1.0
0.6653061224489796 0.9983221476510067 0.0 1.0
0.6653061224489796 1.0057046979865771 0.0 1.0
0.6653061224489796 0.9983221476510067 0.0 1.0
0.6653061224489796 1.0057046979865771 0.0 1.0
0.6653061224489796 0.9983221476510067 0.0 1.0
0.6653061224489796 1.0057046979865771 0.0 1.0
0.6653061224489796 0.9983221476510067 0.0 1.0
0.6653061224489796 1.0057046979865771 0.0 1.0
0.6653061224489796 0.9983221476510067 0.0 1.0
0.6653061224489796 1.0057046979865771 0.0 1.0
0.6653061224489796 0.9983221476510067 0.0 1.0
0.6653061224489796 1.0057046979865771 0.0 1.0
0.6653061224489796 0.6661073825503355 0.0 2.0
0.6653061224489796 0.6734899328859061 0.0 2.0
0.6653061224489796 0.6808724832214765 0.0 1.0
0.6653061224489796 0.7399328859060402 0.0 1.0
0.6653061224489796 0.7473154362416108 0.0 1.0
0.6653061224489796 0.7546979865771812 0.0 1.0
0.6653061224489796 0.7620805369127517 0.0 1.0
0.6653061224489796 0.7694630872483221 0.0 1.0
0.6653061224489796 0.7768456375838926 0.0 1.0
0.6653061224489796 0.7842281879194631 0.0 1.0
0.6653061224489796 0.7916107382550336 0.0 1.0
0.6653061224489796 0.798993288590604 0.0 1.0
0.6653061224489796 0.9983221476510067 0.0 2.0
0.6653061224489796 1.0057046979865771 0.0 2.0
0.6653061224489796 0.6661073825503355 0.0 2.0
0.6653061224489796 0.6734899328859061 0.0 2.0
0.6653061224489796 0.6808724832214765 0.0 1.0
0.6653061224489796 0.7399328859060402 0.0 1.0
0.6653061224489796 0.7473154362416108 0.0 1.0
0.6653061224489796 0.7546979865771812 0.0 1.0
0.6653061224489796 0.7620805369127517 0.0 1.0
0.6653061224489796 0.7694630872483221 0.0 1.0
0.6653061224489796 0.7768456375838926 0.0 1.0
0.6653061224489796 0.7842281879194631 0.0 1.0
0.6653061224489796 0.7916107382550336 0.0 1.0
0.6653061224489796 0.798993288590604 0.0 1.0
0.6653061224489796 0.9983221476510067 0.0 2.0
0.6653061224489796 1.0057046979865771 0.0 2.0
0.6714285714285714 -0.005704697986577181 0.0 2.0
0.6714285714285714 0.0016778523489932886 0.0 2.0
0.6714285714285714 -0.005704697986577181 0.0 2.0
0.6714285714285714 0.0016778523489932886 0.0 2.0
0.6714285714285714 0.0238255033557047 0.0 1.0
0.6714285714285714 0.9983221476510067 0.0 2.0
0.6714285714285714 1.0057046979865771 0.0 2.0
0.6714285714285714 0.9983221476510067 0.0 1.0
0.6714285714285714 1.0057046979865771 0.0 1.0
0.6714285714285714 0.9983221476510067 0.0 1.0
0.6714285714285714 1.0057046979865771 0.0 1.0
0.6714285714285714 0.9983221476510067 0.0 1.0
0.6714285714285714 1.0057046979865771 0.0 1.0
0.6714285714285714 0.9983221476510067 0.0 1.0
0.6714285714285714 1.0057046979865771 0.0 1.0
0.6714285714285714 0.9983221476510067 0.0 1.0
0.6714285714285714 1.0057046979865771 0.0 1.0
0.6714285714285714 0.9983221476510067 0.0 1.0
0.6714285714285714 1.0057046979865771 0.0 1.0
0.6714285714285714 0.9983221476510067 0.0 1.0
0.6714285714285714 1.0057046979865771 0.0 1.0
0.6714285714285714 0.9983221476510067 0.0 1.0
0.6714285714285714 1.0057046979865771 0.0 1.0
0.6714285714285714 0.9983221476510067 0.0 1.0
0.6714285714285714 1.0057046979865771 0.0 1.0
0.6714285714285714 0.9983221476510067 0.0 1.0
0.6714285714285714 1.0057046979865771 0.0 1.0
0.6714285714285714 0.9983221476510067 0.0 1.0
0.6714285714285714 1.0057046979865771 0.0 1.0
0.6714285714285714 0.9983221476510067 0.0 1.0
0.6714285714285714 1.0057046979865771 0.0 1.0
0.6714285714285714 0.9983221476510067 0.0 1.0
0.6714285714285714 1.0057046979865771 0.0 1.0
0.6714285714285714 0.6734899328859061 0.0 2.0
0.6714285714285714 0.6808724832214765 0.0 1.0
0.6714285714285714 0.688255033557047 0.0 1.0
0.6714285714285714 0.6956375838926174 0.0 1.0
0.6714285714285714 0.7030201342281879 0.0 1.0
0.6714285714285714 0.7104026845637584 0.0 1.0
0.6714285714285714 0.7177852348993289 0.0 1.0
0.6714285714285714 0.7251677852348993 0.0 1.0
0.6714285714285714 0.7325503355704698 0.0 1.0
0.6714285714285714 0.7399328859060402 0.0 1.0
0.6714285714285714 0.7473154362416108 0.0 1.0
0.6714285714285714 0.7546979865771812 0.0 1.0
0.6714285714285714 0.7620805369127517 0.0 1.0
0.6714285714285714 0.7694630872483221 0.0 1.0
0.6714285714285714 0.9983221476510067 0.0 2.0
0.6714285714285714 1.0057046979865771 0.0 2.0
0.6714285714285714 0.6734899328859061 0.0 2.0
0.6714285714285714 0.6808724832214765 0.0 1.0
0.6714285714285714 0.688255033557047 0.0 1.0
0.6714285714285714 0.6956375838926174 0.0 1.0
0.6714285714285714 0.7030201342281879 0.0 1.0
0.6714285714285714 0.7104026845637584 0.0 1.0
0.6714285714285714 0.7177852348993289 0.0 1.0
0.6714285714285714 0.7251677852348993 0.0 1.0
0.6714285714285714 0.7325503355704698 0.0 1.0
0.6714285714285714 0.7399328859060402 0.0 1.0
0.6714285714285714 0.7473154362416108 0.0 1.0
0.6714285714285714 0.7546979865771812 0.0 1.0
0.6714285714285714 0.7620805369127517 0.0 1.0
0.6714285714285714 0.7694630872483221 0.0 1.0
0.6714285714285714 0.9983221476510067 0.0 2.0
0.6714285714285714 1.0057046979865771 0.0 2.0
0.6775510204081633 -0.005704697986577181 0.0 2.0
0.6775510204081633 0.0016778523489932886 0.0 2.0
0.6775510204081633 -0.005704697986577181 0.0 2.0
0.6775510204081633 0.0016778523489932886 0.0 2.0
0.6775510204081633 0.0238255033557047 0.0 1.0
0.6775510204081633 0.9983221476510067 0.0 1.0
0.6775510204081633 1.0057046979865771 0.0 1.0
0.6775510204081633 0.9983221476510067 0.0 1.0
0.6775510204081633 1.0057046979865771 0.0 1.0
0.6775510204081633 0.9983221476510067 0.0 1.0
0.6775510204081633 1.0057046979865771 0.0 1.0
0.6775510204081633 0.9983221476510067 0.0 1.0
0.6775510204081633 1.0057046979865771 0.0 1.0
0.6775510204081633 0.9983221476510067 0.0 1.0
0.6775510204081633 1.0057046979865771 0.0 1.0
0.6775510204081633 0.9983221476510067 0.0 1.0
0.6775510204081633 1.0057046979865771 0.0 1.0
0.6775510204081633 0.9983221476510067 0.0 1.0
0.6775510204081633 1.0057046979865771 0.0 1.0
0.6775510204081633 0.9983221476510067 0.0 1.0
0.6775510204081633 1.0057046979865771 0.0 1.0
0.6775510204081633 0.688255033557047 0.0 1.0
0.6775510204081633 0.6956375838926174 0.0 1.0
0.6775510204081633 0.7030201342281879 0.0 1.0
0.6775510204081633 0.7104026845637584 0.0 1.0
0.6775510204081633 0.7177852348993289 0.0 1.0
0.6775510204081633 0.7251677852348993 0.0 1.0
0.6775510204081633 0.7325503355704698 0.0 1.0
0.6775510204081633 0.7399328859060402 0.0 1.0
0.6775510204081633 0.9983221476510067 0.0 2.0
0.6775510204081633 1.0057046979865771 0.0 2.0
0.6775510204081633 0.688255033557047 0.0 1.0
0.6775510204081633 0.6956375838926174 0.0 1.0
0.6775510204081633 0.7030201342281879 0.0 1.0
0.6775510204081633 0.7104026845637584 0.0 1.0
0.6775510204081633 0.7177852348993289 0.0 1.0
0.6775510204081633 0.7251677852348993 0.0 1.0
0.6775510204081633 0.7325503355704698 0.0 1.0
0.6775510204081633 0.7399328859060402 0.0 1.0
0.6775510204081633 0.9983221476510067 0.0 2.0
0.6775510204081633 1.0057046979865771 0.0 2.0
0.6836734693877551 -0.005704697986577181 0.0 2.0
0.6836734693877551 0.0016778523489932886 0.0 2.0
0.6836734693877551 -0.005704697986577181 0.0 2.0
0.6836734693877551 0.0016778523489932886 0.0 2.0
0.6836734693877551 0.0238255033557047 0.0 1.0
0.6836734693877551 0.9983221476510067 0.0 2.0
0.6836734693877551 1.0057046979865771 0.0 2.0
0.6836734693877551 0.9983221476510067 0.0 2.0
0.6836734693877551 1.0057046979865771 0.0 2.0
0.689795918367347 -0.005704697986577181 0.0 2.0
0.689795918367347 0.0016778523489932886 0.0 2.0
0.689795918367347 -0.005704697986577181 0.0 2.0
0.689795918367347 0.0016778523489932886 0.0 2.0
0.689795918367347 0.0238255033557047 0.0 1.0
0.689795918367347 0.9983221476510067 0.0 2.0
0.689795918367347 1.0057046979865771 0.0 2.0
0.689795918367347 0.9983221476510067 0.0 2.0
0.689795918367347 1.0057046979865771 0.0 2.0
0.6959183673469388 -0.005704697986577181 0.0 2.0
0.6959183673469388 0.0016778523489932886 0.0 2.0
0.6959183673469388 -0.005704697986577181 0.0 2.0
0.6959183673469388 0.0016778523489932886 0.0 2.0
0.6959183673469388 0.0238255033557047 0.0 1.0
0.6959183673469388 0.9983221476510067 0.0 2.0
0.6959183673469388 1.0057046979865771 0.0 2.0
0.6959183673469388 0.9983221476510067 0.0 2.0
0.6959183673469388 1.0057046979865771 0.0 2.0
0.7020408163265306 -0.005704697986577181 0.0 2.0
0.7020408163265306 0.0016778523489932886 0.0 2.0
0.7020408163265306 -0.005704697986577181 0.0 2.0
0.7020408163265306 0.0016778523489932886 0.0 2.0
0.7020408163265306 0.0238255033557047 0.0 1.0
0.7020408163265306 0.9983221476510067 0.0 2.0
0.7020408163265306 1.0057046979865771 0.0 2.0
0.7020408163265306 0.9983221476510067 0.0 2.0
0.7020408163265306 1.0057046979865771 0.0 2.0
0.7081632653061225 -0.005704697986577181 0.0 2.0
0.7081632653061225 0.0016778523489932886 0.0 2.0
0.7081632653061225 -0.005704697986577181 0.0 2.0
0.7081632653061225 0.0016778523489932886 0.0 2.0
0.7081632653061225 0.0238255033557047 0.0 1.0
0.7081632653061225 0.9983221476510067 0.0 2.0
0.7081632653061225 1.0057046979865771 0.0 2.0
0.7081632653061225 0.9983221476510067 0.0 2.0
0.7081632653061225 1.0057046979865771 0.0 2.0
0.7142857142857143 -0.005704697986577181 0.0 2.0
0.7142857142857143 0.0016778523489932886 0.0 2.0
0.7142857142857143 -0.005704697986577181 0.0 2.0
0.7142857142857143 0.0016778523489932886 0.0 2.0
0.7142857142857143 0.0238255033557047 0.0 1.0
0.7142857142857143 0.9983221476510067 0.0 2.0
0.7142857142857143 1.0057046979865771 0.0 2.0
0.7142857142857143 0.9983221476510067 0.0 2.0
0.7142857142857143 1.0057046979865771 0.0 2.0
0.7204081632653061 -0.005704697986577181 0.0 2.0
0.7204081632653061 0.0016778523489932886 0.0 2.0
0.7204081632653061 -0.005704697986577181 0.0 2.0
0.7204081632653061 0.0016778523489932886 0.0 2.0
0.7204081632653061 0.0238255033557047 0.0 1.0
0.7204081632653061 0.9983221476510067 0.0 2.0
0.7204081632653061 1.0057046979865771 0.0 2.0
0.7204081632653061 0.9983221476510067 0.0 2.0
0.7204081632653061 1.0057046979865771 0.0 2.0
0.726530612244898 -0.005704697986577181 0.0 2.0
0.726530612244898 0.0016778523489932886 0.0 2.0
0.726530612244898 -0.005704697986577181 0.0 2.0
0.726530612244898 0.0016778523489932886 0.0 2.0
0.726530612244898 0.0238255033557047 0.0 1.0
0.726530612244898 0.9983221476510067 0.0 2.0
0.726530612244898 1.0057046979865771 0.0 2.0
0.726530612244898 0.9983221476510067 0.0 2.0
0.726530612244898 1.0057046979865771 0.0 2.0
0.7326530612244898 -0.005704697986577181 0.0 2.0
0.7326530612244898 0.0016778523489932886 0.0 2.0
0.7326530612244898 -0.005704697986577181 0.0 2.0
0.7326530612244898 0.0016778523489932886 0.0 2.0
0.7326530612244898 0.0238255033557047 0.0 1.0
0.7326530612244898 0.9983221476510067 0.0 2.0
0.7326530612244898 1.0057046979865771 0.0 2.0
0.7326530612244898 0.9983221476510067 0.0 2.0
0.7326530612244898 1.0057046979865771 0.0 2.0
0.7387755102040816 -0.005704697986577181 0.0 2.0
0.7387755102040816 0.0016778523489932886 0.0 2.0
0.7387755102040816 -0.005704697986577181 0.0 2.0
0.7387755102040816 0.0016778523489932886 0.0 2.0
0.7387755102040816 0.0238255033557047 0.0 1.0
0.7387755102040816 0.9983221476510067 0.0 2.0
0.7387755102040816 1.0057046979865771 0.0 2.0
0.7387755102040816 0.9983221476510067 0.0 2.0
0.7387755102040816 1.0057046979865771 0.0 2.0
0.7448979591836735 -0.005704697986577181 0.0 2.0
0.7448979591836735 0.0016778523489932886 0.0 2.0
0.7448979591836735 -0.005704697986577181 0.0 2.0
0.7448979591836735 0.0016778523489932886 0.0 2.0
0.7448979591836735 0.0238255033557047 0.0 1.0
0.7448979591836735 0.9983221476510067 0.0 2.0
0.7448979591836735 1.0057046979865771 0.0 2.0
0.7448979591836735 0.9983221476510067 0.0 2.0
0.7448979591836735 1.0057046979865771 0.0 2.0
0.7510204081632653 -0.005704697986577181 0.0 2.0
0.7510204081632653 0.0016778523489932886 0.0 2.0
0.7510204081632653 -0.005704697986577181 0.0 2.0
0.7510204081632653 0.0016778523489932886 0.0 2.0
0.7510204081632653 0.0238255033557047 0.0 1.0
0.7510204081632653 0.9983221476510067 0.0 2.0
0.7510204081632653 1.0057046979865771 0.0 2.0
0.7510204081632653 0.9983221476510067 0.0 2.0
0.7510204081632653 1.0057046979865771 0.0 2.0
0.7571428571428571 -0.005704697986577181 0.0 2.0
0.7571428571428571 0.0016778523489932886 0.0 2.0
0.7571428571428571 -0.005704697986577181 0.0 2.0
0.7571428571428571 0.0016778523489932886 0.0 2.0
0.7571428571428571 0.0238255033557047 0.0 1.0
0.7571428571428571 0.9983221476510067 0.0 2.0
0.7571428571428571 1.0057046979865771 0.0 2.0
0.7571428571428571 0.9983221476510067 0.0 2.0
0.7571428571428571 1.0057046979865771 0.0 2.0
0.763265306122449 -0.005704697986577181 0.0 2.0
0.763265306122449 0.0016778523489932886 0.0 2.0
0.763265306122449 -0.005704697986577181 0.0 2.0
0.763265306122449 0.0016778523489932886 0.0 2.0
0.763265306122449 0.0238255033557047 0.0 1.0
0.763265306122449 0.9983221476510067 0.0 2.0
0.763265306122449 1.0057046979865771 0.0 2.0
0.763265306122449 0.9983221476510067 0.0 2.0
0.763265306122449 1.0057046979865771 0.0 2.0
0.7693877551020408 -0.005704697986577181 0.0 2.0
0.7693877551020408 0.0016778523489932886 0.0 2.0
0.7693877551020408 -0.005704697986577181 0.0 2.0
0.7693877551020408 0.0016778523489932886 0.0 2.0
0.7693877551020408 0.0238255033557047 0.0 1.0
0.7693877551020408 0.9983221476510067 0.0 2.0
0.7693877551020408 1.0057046979865771 0.0 2.0
0.7693877551020408 0.9983221476510067 0.0 2.0
0.7693877551020408 1.0057046979865771 0.0 2.0
0.7755102040816326 -0.005704697986577181 0.0 2.0
0.7755102040816326 0.0016778523489932886 0.0 2.0
0.7755102040816326 -0.005704697986577181 0.0 2.0
0.7755102040816326 0.0016778523489932886 0.0 2.0
0.7755102040816326 0.0238255033557047 0.0 1.0
0.7755102040816326 0.9983221476510067 0.0 2.0
0.7755102040816326 1.0057046979865771 0.0 2.0
0.7755102040816326 0.9983221476510067 0.0 2.0
0.7755102040816326 1.0057046979865771 0.0 2.0
0.7816326530612245 -0.005704697986577181 0.0 2.0
0.7816326530612245 0.0016778523489932886 0.0 2.0
0.7816326530612245 -0.005704697986577181 0.0 2.0
0.7816326530612245 0.0016778523489932886 0.0 2.0
0.7816326530612245 0.0238255033557047 0.0 1.0
0.7816326530612245 0.9983221476510067 0.0 2.0
0.7816326530612245 1.0057046979865771 0.0 2.0
0.7816326530612245 0.9983221476510067 0.0 2.0
0.7816326530612245 1.0057046979865771 0.0 2.0
0.7877551020408163 -0.005704697986577181 0.0 2.0
0.7877551020408163 0.0016778523489932886 0.0 2.0
0.7877551020408163 -0.005704697986577181 0.0 2.0
0.7877551020408163 0.0016778523489932886 0.0 2.0
0.7877551020408163 0.0238255033557047 0.0 1.0
0.7877551020408163 0.9983221476510067 0.0 2.0
0.7877551020408163 1.0057046979865771 0.0 2.0
0.7877551020408163 0.9983221476510067 0.0 2.0
0.7877551020408163 1.0057046979865771 0.0 2.0
0.7938775510204081 -0.005704697986577181 0.0 2.0
0.7938775510204081 0.0016778523489932886 0.0 2.0
0.7938775510204081 -0.005704697986577181 0.0 2.0
0.7938775510204081 0.0016778523489932886 0.0 2.0
0.7938775510204081 0.0238255033557047 0.0 1.0
0.7938775510204081 0.9983221476510067 0.0 2.0
0.7938775510204081 1.0057046979865771 0.0 2.0
0.7938775510204081 0.9983221476510067 0.0 2.0
0.7938775510204081 1.0057046979865771 0.0 2.0
0.8 -0.005704697986577181 0.0 2.0
0.8 0.0016778523489932886 0.0 2.0
0.8 -0.005704697986577181 0.0 2.0
0.8 0.0016778523489932886 0.0 2.0
0.8 0.0238255033557047 0.0 1.0
0.8 0.9983221476510067 0.0 2.0
0.8 1.0057046979865771 0.0 2.0
0.8 0.9983221476510067 0.0 2.0
0.8 1.0057046979865771 0.0 2.0
